MIN: 7.50600004196167 -11.670000076293945 -9.277000427246094
MAX: 52.827999114990234 44.76499938964844 34.51499938964844
  X: 45.321999073028564
  Y: 56.43499946594238
  Z: 43.79199981689453
CENTER: 30.286212921142578 16.705726623535156 12.689785957336426
