MIN: 7.50600004196167 -11.670000076293945 -9.277000427246094
MAX: 53.145999908447266 44.76499938964844 34.51499938964844
  X: 45.639999866485596
  Y: 56.43499946594238
  Z: 43.79199981689453
CENTER: 30.47006607055664 16.711576461791992 12.710659980773926
